0 999
1 988
2 996
3 999
4 999
5 999
6 998
7 985
8 993
9 999
10 977
11 999
12 999
13 998
14 999
15 999
16 999
17 998
18 999
19 999
20 999
21 999
22 998
23 997
24 988
25 919
26 999
27 992
28 982
29 997
30 999
31 999
32 999
33 982
34 983
35 957
36 995
37 979
38 999
39 998
40 999
41 999
42 449
43 999
44 999
45 997
46 997
47 999
48 999
49 997
50 999
51 999
52 998
53 999
54 998
55 998
56 999
57 923
58 997
59 998
60 999
61 998
62 991
63 998
64 999
65 994
66 998
67 995
68 999
69 988
70 999
71 998
72 999
73 995
74 881
75 999
76 998
77 999
78 457
79 999
80 834
81 999
82 997
83 463
84 999
85 999
86 999
87 994
88 999
89 999
90 884
91 998
92 998
93 972
94 941
95 999
96 999
97 998
98 999
99 999
100 998
101 997
102 999
103 999
104 995
105 999
106 996
107 983
108 999
109 999
110 995
111 811
112 998
113 999
114 999
115 997
116 975
117 997
118 999
119 976
120 999
121 679
122 998
123 981
124 999
125 999
126 998
127 998
128 978
129 999
130 999
131 998
132 994
133 999
134 999
135 999
136 998
137 999
138 999
139 999
140 998
141 999
142 999
143 999
144 998
145 998
146 906
147 995
148 997
149 999
150 995
151 992
152 999
153 999
154 995
155 999
156 987
157 999
158 995
159 863
160 998
161 993
162 996
163 999
164 991
165 999
166 999
167 997
168 999
169 999
170 993
171 999
172 998
173 987
174 998
175 956
176 999
177 995
178 999
179 998
180 999
181 999
182 999
183 999
184 995
185 956
186 989
187 995
188 999
189 999
190 998
191 995
192 620
193 999
194 998
195 999
196 999
197 984
198 998
199 981
200 999
201 989
202 995
203 998
204 999
205 998
206 985
207 999
208 999
209 998
210 999
211 998
212 999
213 999
214 996
215 994
216 910
217 999
218 998
219 659
220 998
221 998
222 999
223 999
224 994
225 998
226 903
227 995
228 999
229 999
230 998
231 998
232 995
233 998
234 993
235 996
236 999
237 999
238 994
239 999
240 996
241 999
242 995
243 999
244 968
245 997
246 999
247 945
248 998
249 996
250 999
251 735
252 999
253 973
254 994
255 999
256 980
257 999
258 999
259 995
260 996
261 866
262 476
263 999
264 999
265 998
266 998
267 999
268 998
269 999
270 995
271 999
272 999
273 999
274 998
275 995
276 989
277 999
278 999
279 975
280 994
281 999
282 997
283 995
284 999
285 996
286 671
287 983
288 742
289 995
290 999
291 999
292 993
293 999
294 989
295 995
296 981
297 973
298 998
299 999
300 998
301 985
302 994
303 961
304 998
305 936
306 998
307 999
308 998
309 998
310 998
311 999
312 999
313 999
314 999
315 999
316 999
317 995
318 999
319 998
320 791
321 999
322 951
323 991
324 943
325 997
326 983
327 992
328 977
329 999
330 900
331 999
332 857
333 994
334 999
335 998
336 999
337 998
338 994
339 977
340 999
341 999
342 998
343 999
344 999
345 999
346 999
347 999
348 998
349 999
350 999
351 998
352 998
353 999
354 999
355 992
356 998
357 998
358 992
359 990
360 997
361 998
362 594
363 998
364 999
365 979
366 999
367 999
368 998
369 995
370 844
371 999
372 998
373 980
374 962
375 999
376 850
377 999
378 998
379 992
380 999
381 578
382 996
383 999
384 998
385 998
386 999
387 998
388 999
389 992
390 999
391 999
392 997
393 999
394 998
395 989
396 997
397 998
398 995
399 957
400 944
401 998
402 999
403 950
404 998
405 999
406 999
407 997
408 998
409 993
410 996
411 947
412 999
413 998
414 999
415 950
416 994
417 997
418 993
419 998
420 998
421 995
422 999
423 998
424 998
425 999
426 999
427 998
428 692
429 999
430 995
431 998
432 999
433 999
434 999
435 999
436 999
437 998
438 999
439 999
440 999
441 999
442 907
443 998
444 999
445 999
446 999 991
447 999 984
448 999 968
449 976 42
450 993 999
451 997 999
452 990 999
453 998 999
454 997 996
455 999 998
456 997 999
457 78 930
458 998 994
459 996 929
460 998 990
461 998 996
462 997 999
463 83 998
464 999 955
465 998 999
466 995 999
467 998 999
468 989 999
469 976 998
470 642 999
471 997 993
472 999 950
473 998 999
474 999 998
475 998 999
476 262 992
477 996 999
478 996 960
479 999 996
480 999 998
481 998 977
482 973 999
483 998 999
484 989 999
485 973 999
486 997 999
487 976 999
488 998 996
489 999 998
490 858 979
491 998 999
492 994 993
493 999 998
494 998 999
495 842 999
496 998 999
497 990 996
498 781 999
499 969 999
500 999 997
501 996 962
502 991 999
503 998 989
504 662 998
505 999 873
506 955 999
507 931 977
508 998 992
509 997 998
510 999 997
511 994 998
512 996 998
513 999 954
514 986 999
515 994 997
516 998 999
517 998 992
518 985 991
519 999 993
520 987 997
521 999 997
522 972 999
523 996 999
524 999 998
525 997 999
526 992 999
527 999 991
528 997 996
529 998 985
530 998 999
531 999 942
532 556 998
533 998 993
534 998 988
535 999 678
536 959 998
537 999 742
538 992 999
539 998 992
540 991 771
541 998 987
542 774 998
543 996 999
544 990 999
545 999 976
546 998 999
547 999 860
548 999 763
549 997 999
550 998 999
551 999 782
552 775 999
553 996 998
554 995 990
555 995 986
556 532 949
557 999 996
558 995 956
559 840 998
560 993 999
561 991 995
562 993 877
563 962 999
564 995 998
565 999 855
566 997 998
567 616 999
568 995 795
569 992 999
570 999 997
571 999 997
572 984 998
573 998 999
574 998 999
575 999 997
576 999 998
577 999 998
578 381 999
579 983 999
580 997 994
581 998 999
582 998 999
583 969 999
584 943 998
585 999 995
586 943 999
587 999 998
588 999 996
589 998 999
590 999 996
591 992 999
592 994 996
593 770 997
594 362 984
595 996 999
596 998 999
597 999 994
598 999 998
599 998 999
600 999 990
601 958 996
602 997 958
603 906 999
604 999 987
605 669 996
606 997 929
607 982 999
608 998 985
609 989 993
610 997 999
611 999 996
612 999 998
613 995 998
614 998 996
615 990 996
616 567 773
617 998 996
618 998 994
619 999 924
620 192 998
621 998 992
622 998 980
623 969 999
624 991 992
625 999 994
626 999 998
627 999 997
628 999 994
629 999 998
630 999 957
631 978 924
632 675 999
633 956 997
634 999 969
635 999 998
636 840 999
637 987 998
638 789 992
639 998 992
640 998 994 732
641 998 949 992
642 470 999 996
643 998 994 999
644 998 999 980
645 999 976 991
646 964 916 996
647 998 999 994
648 974 999 998
649 969 998 999
650 994 997 998
651 999 998 788
652 761 999 998
653 989 980 947
654 962 994 999
655 948 995 996
656 995 994 998
657 953 999 996
658 999 993 998
659 219 999 997
660 996 999 998
661 997 998 999
662 999 995 504
663 994 968 999
664 998 986 999
665 998 924 999
666 994 999 992
667 998 994 999
668 999 998 987
669 605 998 999
670 999 998 976
671 286 993 995
672 994 999 998
673 882 855 943
674 994 999 998
675 632 999 778
676 999 953 975
677 997 791 999
678 535 998 981
679 909 121 997
680 919 682 996
681 995 999 984
682 680 999 998
683 999 977 995
684 998 997 970
685 999 994 995
686 979 998 970
687 993 999 998
688 998 919 996
689 998 999 991
690 996 995 999
691 810 998 997
692 967 999 428
693 993 997 999
694 986 999 831
695 993 848 998
696 996 984 999
697 953 995 998
698 998 999 992
699 986 998 963
700 987 975 992
701 994 996 999
702 993 995 990
703 999 907 874
704 994 992 998
705 996 997 927
706 999 960 976
707 998 979 993
708 998 999 928
709 967 999 986
710 979 998 995
711 725 963 998
712 920 998 963
713 999 988 992
714 997 728 999
715 982 977 998
716 994 999 998
717 994 997 999
718 996 999 995
719 999 995 987
720 999 974 780 994
721 992 966 998 999
722 997 996 991 815
723 999 741 962 997
724 925 998 999 922
725 711 998 997 995
726 961 998 767 993
727 982 947 992 993
728 921 992 714 831
729 995 988 999 981
730 986 998 993 977
731 785 972 997 998
732 998 999 995 640
733 980 991 999 998
734 933 955 999 993
735 967 998 251 999
736 998 999 996 993
737 998 991 997 999
738 995 984 999 998
739 998 999 959 983
740 988 999 809 962
741 723 998 996 999
742 288 997 992 537
743 998 987 959 999
744 989 998 996 999
745 939 990 998 997
746 928 995 997 999
747 962 999 994 998
748 998 960 999 995
749 994 999 998 993
750 911 996 999 998
751 986 972 977 999
752 970 950 997 987
753 984 999 997 958
754 999 855 992 981
755 985 971 999 991
756 998 866 999 909
757 994 997 987 980
758 998 930 921 992
759 996 998 997 999
760 796 999 998 846
761 999 652 993 986
762 990 978 956 999
763 548 999 980 997
764 999 989 982 984
765 995 999 998 997
766 955 924 998 993
767 999 998 726 996
768 976 985 998 999
769 998 970 994 997
770 954 996 593 999
771 540 989 999 966
772 928 999 995 983 987
773 616 995 999 991 993
774 989 998 542 993 965
775 552 996 998 993 930
776 948 994 992 999 998
777 995 963 998 878 997
778 675 963 999 995 998
779 999 992 997 998 996
780 993 999 990 998 720
781 999 998 997 498 967
782 551 999 995 997 998
783 996 998 962 997 985
784 994 998 984 995 997
785 731 999 994 996 992
786 818 999 996 997 868
787 998 999 994 984 969
788 651 994 997 977 998
789 998 638 995 999 992
790 965 997 981 999 979
791 320 970 677 968 998
792 988 983 990 999 880
793 995 996 998 921 830
794 997 933 988 983 998
795 568 980 991 998 994
796 760 999 998 971 973
797 999 996 997 994 998
798 999 998 997 995 921
799 994 995 999 966 985
800 996 999 997 995 991
801 999 988 998 992 996
802 861 962 997 998 999
803 991 998 976 992 987
804 994 999 954 992 998
805 999 979 995 998 992
806 999 892 908 988 998
807 999 998 822 964 996
808 995 998 835 999 996
809 740 994 943 998 999
810 988 987 691 978 999
811 998 995 999 111 975
812 988 999 998 996 934
813 827 981 996 891 999
814 995 998 951 999 961
815 722 975 996 982 999
816 985 999 995 996 977
817 985 997 996 994 998
818 932 996 923 873 999 786
819 997 954 996 998 984 977
820 995 999 998 997 867 993
821 858 982 999 996 995 921
822 994 996 999 985 997 807
823 879 996 993 974 975 998
824 994 998 945 995 989 996
825 997 999 995 832 979 998
826 999 995 952 997 998 883
827 813 998 899 999 995 996
828 971 963 994 998 995 999
829 993 999 845 940 997 981
830 994 793 997 917 999 981
831 694 948 994 728 986 999
832 825 988 994 999 993 998
833 960 949 999 942 998 990
834 998 994 977 80 999 996
835 808 994 999 996 998 917
836 999 963 991 864 904 995
837 955 998 841 994 999 965
838 998 987 993 999 947 990
839 931 994 996 949 945 998
840 559 998 953 964 636 995
841 898 994 837 999 998 996
842 998 999 965 993 967 495
843 968 977 998 999 906 996
844 906 932 996 998 370 997
845 829 995 998 977 997 999
846 760 998 999 994 982 990
847 984 999 981 995 990 970
848 908 943 956 983 695 993
849 930 994 998 999 996 992
850 376 906 989 999 998 960
851 999 943 952 961 959 992
852 999 988 934 928 998 981
853 999 995 998 994 870 990 917
854 987 999 978 992 932 994 974
855 565 673 999 958 994 997 754
856 988 998 983 963 996 997 999
857 969 961 920 332 999 902 996
858 490 821 939 984 988 996 976
859 959 993 942 992 978 999 998
860 547 989 995 971 999 946 998
861 802 997 994 999 989 996 995
862 998 971 951 997 995 981 999
863 159 878 998 999 990 996 997
864 962 998 931 979 996 836 997
865 999 947 992 980 998 995 985
866 261 756 998 995 947 975 996
867 820 988 998 997 990 995 999
868 786 998 996 981 905 999 997
869 997 991 998 999 963 950 983
870 853 999 979 992 998 976 980
871 999 981 982 998 965 997 992
872 998 989 999 980 996 974 971 976
873 505 818 901 999 910 995 998 914
874 929 965 703 998 993 996 999 995
875 979 953 998 996 994 995 978 999
876 990 989 999 978 971 974 997 998
877 991 562 986 999 942 996 998 944
878 863 995 998 966 777 954 999 963
879 981 823 993 995 979 999 982 987
880 792 998 995 996 991 994 997 999
881 74 999 988 998 996 982 966 997
882 673 996 993 990 976 994 972 998
883 826 997 913 979 985 998 999 996
884 90 968 966 995 967 997 999 998
885 998 996 995 972 999 986 993 926
886 994 998 997 966 984 980 999 993
887 999 998 994 985 961 991 983 997 941
888 975 989 979 995 993 998 997 980 999
889 996 990 997 958 980 994 995 999 992
890 993 997 992 994 974 996 999 986 998
891 813 998 941 950 967 997 994 996 979
892 806 951 996 971 952 999 998 936 984
893 977 971 993 961 949 998 980 964 983
894 982 903 959 964 961 998 993 999 962
895 996 975 999 958 984 995 978 998 997
896 981 996 984 997 998 995 989 999 958
897 974 997 998 973 986 994 996 999 972
898 978 841 995 997 996 901 998 999 967
899 827 990 992 980 998 987 997 996 999
900 912 987 971 994 998 995 997 993 330
901 989 973 898 998 976 873 990 997 996 994
902 973 986 992 857 998 997 996 961 999 989
903 226 998 894 995 972 997 979 999 986 990
904 962 836 989 998 974 988 995 997 999 994
905 939 868 975 994 992 999 998 986 953 961
906 146 850 843 995 980 603 844 999 996 938
907 703 442 964 998 923 993 996 986 981 999
908 806 848 993 995 994 989 990 998 999 996
909 756 679 964 989 993 998 994 976 996 986
910 992 998 216 995 994 980 997 972 873 990
911 750 935 993 981 999 979 998 978 976 989
912 994 900 993 989 988 992 970 971 995 997
913 883 999 992 993 989 923 996 995 971 957
914 989 999 992 969 873 998 990 983 940 991
915 973 998 996 999 967 948 995 969 984 922
916 646 965 977 993 995 984 999 991 990 989
917 853 835 957 987 994 939 830 998 996 970 986
918 999 998 994 989 992 995 964 996 977 980 987
919 688 997 929 995 999 990 680 994 998 996 25
920 957 712 996 985 973 857 997 998 994 999 983
921 758 793 821 798 728 999 984 997 978 979 994
922 724 992 915 997 936 986 999 993 994 998 991
923 57 818 907 913 985 983 997 998 994 995 990
924 993 619 665 631 998 936 766 960 991 995 999
925 724 973 977 998 972 994 945 997 999 978 942
926 885 996 997 969 961 938 998 993 999 987 985
927 988 997 978 705 996 983 998 984 995 968 999
928 746 852 969 995 998 999 708 937 982 959 772 970
929 459 919 987 996 977 998 934 606 999 994 874 981
930 457 994 758 775 849 967 995 992 998 954 997 999
931 839 507 960 864 988 998 953 952 999 996 997 994
932 818 844 953 958 975 970 854 981 995 972 998 999
933 794 976 995 996 981 945 962 998 983 990 994 734
934 966 929 995 994 997 977 852 969 812 998 993 999
935 974 998 999 911 984 950 997 973 986 948 964 954
936 305 892 991 922 963 982 940 999 997 992 986 924 987
937 928 981 975 988 993 996 995 999 998 960 987 991 945
938 990 926 996 985 983 942 997 992 998 993 982 906 999
939 983 745 917 968 969 905 994 999 951 997 982 858 998 996
940 829 995 985 991 996 994 997 955 966 998 993 936 914 999
941 891 887 955 973 991 986 960 996 976 999 998 992 995 94
942 985 859 877 925 938 966 965 972 993 998 999 833 531 975
943 848 324 584 586 978 989 809 998 997 673 851 956 999 996 944
944 400 877 943 989 972 984 998 993 953 999 964 996 975 970 983
945 925 247 992 824 949 998 937 839 999 974 979 978 997 958 991 933
946 956 860 988 998 994 997 993 955 995 999 990 974 989 996 992 991
947 411 727 985 838 978 992 986 866 995 973 975 653 865 998 963 993
948 935 831 991 915 994 979 977 655 963 992 776 990 995 980 998 999 996
949 839 556 988 976 994 641 893 964 833 945 989 996 986 997 984 999 998 995
950 415 472 957 869 891 935 997 995 752 999 971 998 979 985 996 983 403 993
951 322 971 814 862 983 892 999 978 985 966 939 997 968 981 995 974 998 972
952 826 892 989 931 997 999 968 995 990 965 959 978 851 996 994 992 993 970
953 932 657 676 991 697 905 840 875 944 931 993 988 996 995 999 967 997 956 975
954 935 770 513 819 804 984 878 930 970 980 986 998 956 987 988 999 997 983 993
955 837 464 506 734 766 941 940 946 977 960 989 988 982 994 999 991 968 996 980 997 976
956 185 558 762 848 633 985 953 943 997 995 946 954 973 975 998 993 986 983 999 175 996
957 630 913 399 917 991 994 996 990 920 989 986 998 985 987 999 993 35 984 995 961 950
958 601 753 889 991 895 896 996 994 990 945 988 602 970 973 998 963 932 992 985 997 855 999
959 894 739 743 859 536 928 952 970 977 851 999 985 993 988 997 992 983 994 966 963 996 998
960 833 962 706 850 478 924 984 937 941 986 997 931 995 991 990 748 955 969 996 998 977 993 994 999
961 303 814 851 857 887 893 905 926 726 976 957 980 973 994 993 996 999 981 995 902 998 965 992 894
962 374 563 654 723 740 783 501 864 960 933 802 996 894 990 999 985 992 998 747 995 993 904 968 989 997
963 778 878 936 777 712 869 947 948 856 958 959 965 999 995 994 996 998 990 836 711 979 828 699 988 997
964 949 894 978 840 907 918 807 935 967 893 944 909 997 996 999 993 998 991 982 974 990 971 995 646 965
965 842 837 961 916 990 942 952 774 964 999 998 997 983 996 790 991 871 988 963 994 979 973 981 993 995 874
966 967 886 721 771 881 884 990 940 942 799 951 959 982 878 999 993 995 934 989 994 998 997 975 996 991 978
967 692 735 884 930 781 842 891 898 915 964 953 709 990 971 966 995 998 982 994 988 991 992 979 989 996 999 983
968 791 976 663 951 952 979 884 927 843 962 939 986 244 955 984 994 448 990 982 998 999 974 997 993 992 987 995
969 649 986 997 634 499 928 787 926 934 623 939 980 960 914 996 915 987 999 984 990 977 857 991 988 583 982 998 995
970 932 971 684 917 958 980 791 985 847 994 769 912 928 944 952 686 959 979 999 954 992 991 981 982 995 752 996 998
971 913 893 876 912 892 860 862 872 796 900 970 993 950 992 755 964 967 991 995 951 989 999 998 996 974 994 828 973 997
972 903 983 731 751 978 897 998 522 988 885 910 925 932 882 951 944 995 981 991 980 997 996 992 985 994 999 942 974 93 993
973 253 297 482 485 796 915 897 998 920 925 935 941 947 956 958 961 965 971 984 902 901 989 982 992 996 995 994 993 991 997 999
974 897 946 648 854 720 823 872 876 890 904 945 964 968 971 972 980 994 935 976 951 983 997 986 979 981 982 996 984 998 995 999
975 116 932 676 811 815 279 823 895 866 905 700 976 937 942 947 953 995 944 966 996 987 999 994 997 998 992 990 956 984 888 991 993 988 978
976 469 545 670 645 768 984 706 119 858 992 870 901 803 909 911 872 449 882 941 975 955 487 974 933 989 998 985 987 949 968 994 961 999 995 997 979
977 10 983 328 339 819 715 730 893 751 683 843 989 925 916 929 816 507 934 481 948 955 918 960 834 969 979 788 845 959 994 995 996 998 999 984 997 988
978 945 995 631 854 898 762 981 128 859 947 876 895 911 966 921 925 927 972 999 875 980 952 964 975 943 998 991 996 988 992 990 989 979 986 810 994 993 987 997 951
979 37 490 686 707 710 805 977 864 870 875 883 891 903 911 790 997 965 945 948 950 365 921 963 967 968 974 976 978 995 888 999 998 879 985 994 825 989 970 996 980
980 893 653 990 910 994 757 763 978 889 870 872 886 888 906 373 948 969 954 955 865 622 961 899 972 974 733 979 644 795 996 999 992 918 256 987 993 983 998 970 991 997
981 123 296 896 729 754 790 813 829 678 972 868 871 852 907 911 879 932 933 830 951 965 862 970 929 974 199 961 978 998 993 996 847 992 995 987 988 999 997 937 982 990
982 28 993 970 727 988 815 821 992 33 607 881 879 928 936 939 983 996 955 964 966 967 968 969 715 973 974 764 894 991 981 989 987 986 998 997 938 990 871 999 994 846 995
983 107 287 923 739 959 988 772 792 794 856 950 920 938 927 977 914 326 997 34 944 954 956 933 848 579 965 887 967 972 974 980 869 951 939 992 996 993 893 995 985 987 982 998 999 989
984 681 973 954 991 764 197 572 594 738 753 784 858 447 886 892 896 921 927 696 935 976 944 916 949 957 968 969 819 974 975 977 787 895 847 995 999 986 996 994 960 993 988 998 990 989 987 997 915
985 7 993 920 301 783 768 608 518 816 822 951 956 942 970 865 206 887 988 926 755 947 938 940 950 957 958 959 962 997 799 817 972 529 976 987 979 983 996 989 986 994 883 999 991 995 998 990 923
986 954 897 694 709 917 555 751 761 831 730 877 885 699 890 514 903 905 909 956 922 935 936 941 907 947 949 969 957 990 902 974 994 978 664 982 984 985 992 993 988 989 998 996 999 960 995 987 997 968
987 156 173 899 541 604 969 637 668 985 719 752 997 743 772 803 810 994 700 879 854 757 917 918 926 929 838 954 978 957 937 991 936 520 968 975 976 980 981 982 983 984 992 986 995 990 900 999 993 996 998 989
988 1 24 958 794 534 832 931 983 867 740 994 953 806 812 927 858 69 881 955 904 713 912 801 937 856 949 954 946 959 963 965 985 967 982 969 975 729 977 978 792 981 810 984 986 992 999 993 997 998 852 995 972 991 996
989 901 294 609 395 503 201 952 908 888 484 764 771 774 904 824 186 850 914 861 872 876 967 276 902 909 911 912 913 916 918 943 896 468 977 949 653 944 955 957 962 946 744 966 971 973 976 978 979 982 983 984 985 986 987 991 998 995 997 994 860 996 992 999
990 838 919 867 916 452 966 997 965 359 964 853 745 780 980 792 615 833 544 846 863 946 876 923 882 914 889 554 986 899 901 903 908 910 702 600 933 938 948 847 957 960 962 963 967 968 969 975 958 978 981 982 762 984 985 952 987 460 995 996 998 497 992 993 994 999
991 937 689 164 967 645 502 527 561 323 916 733 978 987 957 722 995 737 755 446 800 803 984 922 836 62 914 941 869 880 887 982 795 773 624 924 946 992 955 960 936 953 964 965 966 945 969 970 971 972 973 975 980 518 540 948 985 940 988 989 877 998 994 996 997 958 993 999
992 27 758 902 355 389 638 476 517 539 569 591 621 624 641 982 698 945 508 728 972 754 976 779 776 742 910 801 804 865 151 803 785 851 947 854 859 870 938 700 889 358 666 899 789 905 912 913 914 526 713 987 930 980 871 727 941 936 379 948 952 805 639 327 958 959 971 961 918 704 967 968 922 970 849 946 973 991 975 721 978 962 981 983 538 986 988 989 990 890 994 998 993 996 995 997 999
993 964 953 234 893 942 991 882 980 773 909 702 947 996 533 838 985 560 609 658 707 952 990 734 832 418 968 761 859 908 957 848 946 995 886 984 924 973 766 962 913 450 292 695 842 940 161 978 820 907 956 749 994 471 885 983 934 727 8 874 972 912 961 950 999 890 988 879 966 492 944 775 982 726 519 922 971 911 960 900 693 998 170 938 987 780 829 671 562 916 965 954 992 894 687 736 981 774 823 409 959 997 730 888 937 986 926 975
994 757 855 904 784 882 931 980 909 958 887 985 963 647 990 625 674 919 968 701 238 799 897 946 995 875 973 804 853 831 880 929 978 515 809 640 787 934 618 667 716 302 912 961 280 841 890 939 988 672 917 966 650 797 846 993 628 824 922 971 704 900 949 998 976 905 224 785 834 861 910 959 643 839 986 817 87 795 991 65 822 920 849 996 925 974 511 854 952 685 832 930 979 663 908 957 592 788 837 886 984 717 254 597 891 940 989 918 967 749 580 215 776 923 972 656 901 999 830 416 977 955 492 835 933 982 666 960 132 889 987 720 769 965 747 333 992 970 921 458 654 338 948 997 828 975
995 561 147 904 953 784 811 860 789 985 718 816 865 963 184 941 990 772 821 919 968 554 799 946 777 826 875 924 973 853 951 270 782 880 978 466 613 564 662 150 956 177 738 275 836 885 934 983 765 814 912 961 988 966 187 748 895 993 67 824 873 971 655 900 949 998 317 878 927 976 295 932 981 104 202 398 861 910 888 937 986 158 719 866 915 964 697 746 283 430 991 773 969 555 702 800 898 947 996 729 778 827 974 805 903 952 685 369 930 979 908 957 690 227 984 913 962 36 232 793 940 989 259 820 918 967 798 847 896 994 825 874 923 972 558 656 242 950 999 585 73 683 732 879 928 977 710 808 906 884 933 421 982 568 154 862 960 840 889 987 110 671 867 916 965 845 992 725 970 191 289 948 997 681 828 975
996 512 953 588 882 931 980 615 909 958 642 985 718 767 816 963 696 990 843 892 941 478 162 260 821 919 701 750 897 946 995 875 973 461 657 902 488 880 929 978 858 907 956 885 983 106 863 961 841 890 939 988 868 770 819 454 917 966 601 797 285 895 944 993 214 775 824 971 410 459 557 655 949 998 927 611 660 807 856 736 785 834 883 981 812 861 959 741 839 937 986 523 817 866 915 964 501 844 991 479 528 822 920 969 800 849 898 680 827 974 952 783 881 979 614 249 908 957 543 592 690 984 815 864 913 962 646 744 793 989 891 940 477 722 918 967 553 896 994 874 972 705 901 950 999 977 2 759 808 857 906 955 590 688 786 835 933 982 617 813 960 497 595 889 938 987 818 965 235 382 943 992 823 872 970 605 240 801 899 948 997 779 877 926 975
997 49 610 659 757 245 904 855 392 953 784 931 980 566 958 593 691 887 936 985 571 963 451 500 549 282 745 794 990 723 968 919 407 456 897 946 995 167 679 777 826 973 510 902 951 684 782 880 417 978 515 101 956 983 934 471 520 765 863 912 890 939 988 525 819 868 454 966 650 797 895 993 677 922 971 45 606 753 802 998 900 949 486 23 633 731 829 927 976 148 856 954 883 981 714 763 861 910 959 82 790 888 986 817 964 746 844 991 528 822 871 920 969 800 898 996 462 876 925 974 903 952 783 881 930 979 396 935 788 325 886 984 570 521 58 717 864 962 891 940 989 575 722 820 869 602 798 896 945 994 580 117 825 923 972 509 46 705 901 950 999 781 830 977 661 759 955 29 737 786 884 982 862 960 693 742 889 938 987 769 867 965 845 943 992 627 115 725 360 921 752 899 779 926 975
998 539 637 686 735 784 833 882 931 980 54 348 397 691 789 838 887 985 59 304 598 647 745 794 843 892 941 990 211 309 652 750 897 946 995 265 363 461 559 608 804 853 902 951 172 221 319 368 564 613 711 760 809 907 956 618 667 716 765 814 863 961 231 378 427 574 672 721 819 868 917 966 481 530 726 775 824 873 922 971 437 584 682 731 780 878 927 976 491 589 687 736 834 883 932 981 6 55 300 496 643 741 839 888 937 986 550 599 648 697 795 844 893 942 991 310 408 849 898 947 996 266 413 511 658 707 756 805 903 467 516 614 712 859 908 957 423 668 766 864 962 820 869 918 967 335 384 629 678 776 825 874 923 972 144 536 732 781 928 977 100 198 394 443 541 639 688 737 835 884 933 982 203 546 644 791 840 938 987 61 306 404 453 649 698 747 796 845 894 943 992 17 6